Subject 1
Tukey's HSD Pairwise Group Comparisons (95.0% Confidence Interval)
Comparison  Statistic  p-value  Lower CI  Upper CI
 (0 - 1)      3.116    -0.000     2.210     4.022
 (0 - 2)      2.728     0.000     1.784     3.672
 (0 - 3)      0.921     0.053    -0.009     1.851
 (1 - 0)     -3.116    -0.000    -4.022    -2.210
 (1 - 2)     -0.388     0.607    -1.199     0.423
 (1 - 3)     -2.195     0.000    -2.989    -1.400
 (2 - 0)     -2.728     0.000    -3.672    -1.784
 (2 - 1)      0.388     0.607    -0.423     1.199
 (2 - 3)     -1.807     0.000    -2.644    -0.969
 (3 - 0)     -0.921     0.053    -1.851     0.009
 (3 - 1)      2.195     0.000     1.400     2.989
 (3 - 2)      1.807     0.000     0.969     2.644

Subject 2
Tukey's HSD Pairwise Group Comparisons (95.0% Confidence Interval)
Comparison  Statistic  p-value  Lower CI  Upper CI
 (0 - 1)     10.948     0.000     8.998    12.898
 (0 - 2)     10.402     0.000     8.446    12.358
 (0 - 3)     14.199     0.000    11.998    16.400
 (1 - 0)    -10.948     0.000   -12.898    -8.998
 (1 - 2)     -0.546     0.863    -2.344     1.251
 (1 - 3)      3.251     0.000     1.190     5.313
 (2 - 0)    -10.402     0.000   -12.358    -8.446
 (2 - 1)      0.546     0.863    -1.251     2.344
 (2 - 3)      3.798     0.000     1.730     5.865
 (3 - 0)    -14.199     0.000   -16.400   -11.998
 (3 - 1)     -3.251     0.000    -5.313    -1.190
 (3 - 2)     -3.798     0.000    -5.865    -1.730

Subject 4
Tukey's HSD Pairwise Group Comparisons (95.0% Confidence Interval)
Comparison  Statistic  p-value  Lower CI  Upper CI
 (0 - 1)      2.285     0.000     0.920     3.650
 (0 - 2)      2.771     0.000     1.534     4.008
 (0 - 3)      1.209     0.129    -0.217     2.635
 (1 - 0)     -2.285     0.000    -3.650    -0.920
 (1 - 2)      0.487     0.491    -0.398     1.371
 (1 - 3)     -1.076     0.070    -2.210     0.058
 (2 - 0)     -2.771     0.000    -4.008    -1.534
 (2 - 1)     -0.487     0.491    -1.371     0.398
 (2 - 3)     -1.562     0.000    -2.538    -0.587
 (3 - 0)     -1.209     0.129    -2.635     0.217
 (3 - 1)      1.076     0.070    -0.058     2.210
 (3 - 2)      1.562     0.000     0.587     2.538

Subject 5
Tukey's HSD Pairwise Group Comparisons (95.0% Confidence Interval)
Comparison  Statistic  p-value  Lower CI  Upper CI
 (0 - 1)     -0.299     0.962    -1.877     1.278
 (0 - 2)     -0.391     0.935    -2.096     1.314
 (0 - 3)     -2.630     0.000    -4.217    -1.043
 (1 - 0)      0.299     0.962    -1.278     1.877
 (1 - 2)     -0.092     0.999    -1.619     1.436
 (1 - 3)     -2.331     0.000    -3.725    -0.936
 (2 - 0)      0.391     0.935    -1.314     2.096
 (2 - 1)      0.092     0.999    -1.436     1.619
 (2 - 3)     -2.239     0.001    -3.776    -0.702
 (3 - 0)      2.630     0.000     1.043     4.217
 (3 - 1)      2.331     0.000     0.936     3.725
 (3 - 2)      2.239     0.001     0.702     3.776

Subject 6
Tukey's HSD Pairwise Group Comparisons (95.0% Confidence Interval)
Comparison  Statistic  p-value  Lower CI  Upper CI
 (0 - 1)     -2.727     0.001    -4.606    -0.849
 (0 - 2)     -2.799     0.001    -4.634    -0.964
 (0 - 3)    -11.013     0.000   -12.802    -9.224
 (1 - 0)      2.727     0.001     0.849     4.606
 (1 - 2)     -0.072     1.000    -1.840     1.696
 (1 - 3)     -8.286     0.000   -10.006    -6.565
 (2 - 0)      2.799     0.001     0.964     4.634
 (2 - 1)      0.072     1.000    -1.696     1.840
 (2 - 3)     -8.214     0.000    -9.887    -6.541
 (3 - 0)     11.013     0.000     9.224    12.802
 (3 - 1)      8.286     0.000     6.565    10.006
 (3 - 2)      8.214     0.000     6.541     9.887